--size 3 --twists 11
seq
9921
10171
9822
par 1
10743
14090
16094
par 2
5955
6841
6515
par 4
3641
3346
3930
par 8
1873
2757
1899
par 12
1496
1513
1525
par 16
1551
1761
1540
--size 3 --twists 12
seq
121551
127166
119983
par 1
126742
126637
125328
par 2
78045
77736
71802
par 4
29959
45248
39126
par 8
28537
20443
20931
par 12
19380
15747
15366
par 16
15605
15453
15318
--size 4 --twists 11
seq
191065
205099
253575
par 1
205352
230241
204647
par 2
118239
136949
117247
par 4
65658
66393
62813
par 8
32930
33117
33064
par 12
21722
21994
21811
par 16
21329
21287
21358
